 0.000000E+00    4.389515E+01   
 1.000000E+00    4.390742E+01   
 2.000000E+00    4.390632E+01   
 3.000000E+00    4.389184E+01   
 4.000000E+00    4.386399E+01   
 5.000000E+00    4.382278E+01   
 6.000000E+00    4.376822E+01   
 7.000000E+00    4.370033E+01   
 8.000000E+00    4.361913E+01   
 9.000000E+00    4.352464E+01   
 1.000000E+01    4.341689E+01   
 1.100000E+01    4.329592E+01   
 1.200000E+01    4.316176E+01   
 1.300000E+01    4.301445E+01   
 1.400000E+01    4.285404E+01   
 1.500000E+01    4.268057E+01   
 1.600000E+01    4.249411E+01   
 1.700000E+01    4.229470E+01   
 1.800000E+01    4.208240E+01   
 1.900000E+01    4.185729E+01   
 2.000000E+01    4.161943E+01   
 2.100000E+01    4.136889E+01   
 2.200000E+01    4.110575E+01   
 2.300000E+01    4.083008E+01   
 2.400000E+01    4.054199E+01   
 2.500000E+01    4.024154E+01   
 2.600000E+01    3.992883E+01   
 2.700000E+01    3.960396E+01   
 2.800000E+01    3.926703E+01   
 2.900000E+01    3.891813E+01   
 3.000000E+01    3.855738E+01   
 3.100000E+01    3.818489E+01   
 3.200000E+01    3.780076E+01   
 3.300000E+01    3.740512E+01   
 3.400000E+01    3.699809E+01   
 3.500000E+01    3.657978E+01   
 3.600000E+01    3.615033E+01   
 3.700000E+01    3.570988E+01   
 3.800000E+01    3.525854E+01   
 3.900000E+01    3.479646E+01   
 4.000000E+01    3.432379E+01   
 4.100000E+01    3.384066E+01   
 4.200000E+01    3.334722E+01   
 4.300000E+01    3.284362E+01   
 4.400000E+01    3.233002E+01   
 4.500000E+01    3.180657E+01   
 4.600000E+01    3.127343E+01   
 4.700000E+01    3.073077E+01   
 4.800000E+01    3.017874E+01   
 4.900000E+01    2.961752E+01   
 5.000000E+01    2.904728E+01   
 5.100000E+01    2.846819E+01   
 5.200000E+01    2.788043E+01   
 5.300000E+01    2.728418E+01   
 5.400000E+01    2.667962E+01   
 5.500000E+01    2.606693E+01   
 5.600000E+01    2.544630E+01   
 5.700000E+01    2.481792E+01   
 5.800000E+01    2.418198E+01   
 5.900000E+01    2.353867E+01   
 6.000000E+01    2.288819E+01   
 6.100000E+01    2.223074E+01   
 6.200000E+01    2.156652E+01   
 6.300000E+01    2.089573E+01   
 6.400000E+01    2.021857E+01   
 6.500000E+01    1.953526E+01   
 6.600000E+01    1.884599E+01   
 6.700000E+01    1.815099E+01   
 6.800000E+01    1.745045E+01   
 6.900000E+01    1.674460E+01   
 7.000000E+01    1.603365E+01   
 7.100000E+01    1.531782E+01   
 7.200000E+01    1.459732E+01   
 7.300000E+01    1.387237E+01   
 7.400000E+01    1.314320E+01   
 7.500000E+01    1.241002E+01   
 7.600000E+01    1.167306E+01   
 7.700000E+01    1.093255E+01   
 7.800000E+01    1.018871E+01   
 7.900000E+01    9.441763E+00   
 8.000000E+01    8.691940E+00   
 8.100000E+01    7.939471E+00   
 8.200000E+01    7.184582E+00   
 8.300000E+01    6.427506E+00   
 8.400000E+01    5.668471E+00   
 8.500000E+01    4.907710E+00   
 8.600000E+01    4.145453E+00   
 8.700000E+01    3.381934E+00   
 8.800000E+01    2.617385E+00   
 8.900000E+01    1.852039E+00   
 9.000000E+01    1.086128E+00   
 9.100000E+01    3.198865E-01   
 9.200000E+01    4.464524E-01   
 9.300000E+01    1.212655E+00   
 9.400000E+01    1.978489E+00   
 9.500000E+01    2.743720E+00   
 9.600000E+01    3.508115E+00   
 9.700000E+01    4.271443E+00   
 9.800000E+01    5.033469E+00   
 9.900000E+01    5.793961E+00   
 1.000000E+02    6.552688E+00   
 1.010000E+02    7.309419E+00   
 1.020000E+02    8.063924E+00   
 1.030000E+02    8.815972E+00   
 1.040000E+02    9.565335E+00   
 1.050000E+02    1.031178E+01   
 1.060000E+02    1.105509E+01   
 1.070000E+02    1.179503E+01   
 1.080000E+02    1.253138E+01   
 1.090000E+02    1.326391E+01   
 1.100000E+02    1.399240E+01   
 1.110000E+02    1.471663E+01   
 1.120000E+02    1.543638E+01   
 1.130000E+02    1.615142E+01   
 1.140000E+02    1.686154E+01   
 1.150000E+02    1.756653E+01   
 1.160000E+02    1.826616E+01   
 1.170000E+02    1.896024E+01   
 1.180000E+02    1.964853E+01   
 1.190000E+02    2.033085E+01   
 1.200000E+02    2.100696E+01   
 1.210000E+02    2.167668E+01   
 1.220000E+02    2.233980E+01   
 1.230000E+02    2.299611E+01   
 1.240000E+02    2.364542E+01   
 1.250000E+02    2.428752E+01   
 1.260000E+02    2.492223E+01   
 1.270000E+02    2.554934E+01   
 1.280000E+02    2.616868E+01   
 1.290000E+02    2.678004E+01   
 1.300000E+02    2.738324E+01   
 1.310000E+02    2.797810E+01   
 1.320000E+02    2.856444E+01   
 1.330000E+02    2.914208E+01   
 1.340000E+02    2.971084E+01   
 1.350000E+02    3.027055E+01   
 1.360000E+02    3.082104E+01   
 1.370000E+02    3.136215E+01   
 1.380000E+02    3.189370E+01   
 1.390000E+02    3.241553E+01   
 1.400000E+02    3.292749E+01   
 1.410000E+02    3.342942E+01   
 1.420000E+02    3.392117E+01   
 1.430000E+02    3.440258E+01   
 1.440000E+02    3.487352E+01   
 1.450000E+02    3.533383E+01   
 1.460000E+02    3.578338E+01   
 1.470000E+02    3.622203E+01   
 1.480000E+02    3.664964E+01   
 1.490000E+02    3.706609E+01   
 1.500000E+02    3.747126E+01   
 1.510000E+02    3.786500E+01   
 1.520000E+02    3.824721E+01   
 1.530000E+02    3.861778E+01   
 1.540000E+02    3.897658E+01   
 1.550000E+02    3.932350E+01   
 1.560000E+02    3.965845E+01   
 1.570000E+02    3.998132E+01   
 1.580000E+02    4.029201E+01   
 1.590000E+02    4.059042E+01   
 1.600000E+02    4.087648E+01   
 1.610000E+02    4.115008E+01   
 1.620000E+02    4.141114E+01   
 1.630000E+02    4.165959E+01   
 1.640000E+02    4.189535E+01   
 1.650000E+02    4.211835E+01   
 1.660000E+02    4.232852E+01   
 1.670000E+02    4.252580E+01   
 1.680000E+02    4.271012E+01   
 1.690000E+02    4.288143E+01   
 1.700000E+02    4.303968E+01   
 1.710000E+02    4.318482E+01   
 1.720000E+02    4.331681E+01   
 1.730000E+02    4.343560E+01   
 1.740000E+02    4.354116E+01   
 1.750000E+02    4.363346E+01   
 1.760000E+02    4.371246E+01   
 1.770000E+02    4.377815E+01   
 1.780000E+02    4.383051E+01   
 1.790000E+02    4.386951E+01   
 1.800000E+02    4.389515E+01   
 1.810000E+02    4.390742E+01   
 1.820000E+02    4.390632E+01   
 1.830000E+02    4.389184E+01   
 1.840000E+02    4.386399E+01   
 1.850000E+02    4.382278E+01   
 1.860000E+02    4.376822E+01   
 1.870000E+02    4.370033E+01   
 1.880000E+02    4.361913E+01   
 1.890000E+02    4.352464E+01   
 1.900000E+02    4.341689E+01   
 1.910000E+02    4.329592E+01   
 1.920000E+02    4.316176E+01   
 1.930000E+02    4.301445E+01   
 1.940000E+02    4.285404E+01   
 1.950000E+02    4.268057E+01   
 1.960000E+02    4.249411E+01   
 1.970000E+02    4.229470E+01   
 1.980000E+02    4.208240E+01   
 1.990000E+02    4.185729E+01   
 2.000000E+02    4.161943E+01   
 2.010000E+02    4.136889E+01   
 2.020000E+02    4.110575E+01   
 2.030000E+02    4.083009E+01   
 2.040000E+02    4.054199E+01   
 2.050000E+02    4.024154E+01   
 2.060000E+02    3.992883E+01   
 2.070000E+02    3.960396E+01   
 2.080000E+02    3.926703E+01   
 2.090000E+02    3.891813E+01   
 2.100000E+02    3.855738E+01   
 2.110000E+02    3.818489E+01   
 2.120000E+02    3.780076E+01   
 2.130000E+02    3.740512E+01   
 2.140000E+02    3.699809E+01   
 2.150000E+02    3.657978E+01   
 2.160000E+02    3.615034E+01   
 2.170000E+02    3.570988E+01   
 2.180000E+02    3.525854E+01   
 2.190000E+02    3.479646E+01   
 2.200000E+02    3.432379E+01   
 2.210000E+02    3.384066E+01   
 2.220000E+02    3.334722E+01   
 2.230000E+02    3.284362E+01   
 2.240000E+02    3.233002E+01   
 2.250000E+02    3.180657E+01   
 2.260000E+02    3.127343E+01   
 2.270000E+02    3.073077E+01   
 2.280000E+02    3.017874E+01   
 2.290000E+02    2.961752E+01   
 2.300000E+02    2.904728E+01   
 2.310000E+02    2.846820E+01   
 2.320000E+02    2.788044E+01   
 2.330000E+02    2.728418E+01   
 2.340000E+02    2.667962E+01   
 2.350000E+02    2.606693E+01   
 2.360000E+02    2.544630E+01   
 2.370000E+02    2.481792E+01   
 2.380000E+02    2.418198E+01   
 2.390000E+02    2.353867E+01   
 2.400000E+02    2.288819E+01   
 2.410000E+02    2.223074E+01   
 2.420000E+02    2.156652E+01   
 2.430000E+02    2.089573E+01   
 2.440000E+02    2.021858E+01   
 2.450000E+02    1.953526E+01   
 2.460000E+02    1.884600E+01   
 2.470000E+02    1.815099E+01   
 2.480000E+02    1.745046E+01   
 2.490000E+02    1.674461E+01   
 2.500000E+02    1.603365E+01   
 2.510000E+02    1.531782E+01   
 2.520000E+02    1.459732E+01   
 2.530000E+02    1.387237E+01   
 2.540000E+02    1.314320E+01   
 2.550000E+02    1.241002E+01   
 2.560000E+02    1.167307E+01   
 2.570000E+02    1.093255E+01   
 2.580000E+02    1.018871E+01   
 2.590000E+02    9.441765E+00   
 2.600000E+02    8.691942E+00   
 2.610000E+02    7.939473E+00   
 2.620000E+02    7.184584E+00   
 2.630000E+02    6.427507E+00   
 2.640000E+02    5.668473E+00   
 2.650000E+02    4.907711E+00   
 2.660000E+02    4.145455E+00   
 2.670000E+02    3.381936E+00   
 2.680000E+02    2.617387E+00   
 2.690000E+02    1.852040E+00   
 2.700000E+02    1.086130E+00   
 2.710000E+02    3.198884E-01   
 2.720000E+02    4.464505E-01   
 2.730000E+02    1.212653E+00   
 2.740000E+02    1.978487E+00   
 2.750000E+02    2.743718E+00   
 2.760000E+02    3.508113E+00   
 2.770000E+02    4.271439E+00   
 2.780000E+02    5.033465E+00   
 2.790000E+02    5.793957E+00   
 2.800000E+02    6.552684E+00   
 2.810000E+02    7.309415E+00   
 2.820000E+02    8.063920E+00   
 2.830000E+02    8.815968E+00   
 2.840000E+02    9.565331E+00   
 2.850000E+02    1.031178E+01   
 2.860000E+02    1.105509E+01   
 2.870000E+02    1.179503E+01   
 2.880000E+02    1.253138E+01   
 2.890000E+02    1.326391E+01   
 2.900000E+02    1.399240E+01   
 2.910000E+02    1.471663E+01   
 2.920000E+02    1.543637E+01   
 2.930000E+02    1.615141E+01   
 2.940000E+02    1.686154E+01   
 2.950000E+02    1.756652E+01   
 2.960000E+02    1.826616E+01   
 2.970000E+02    1.896023E+01   
 2.980000E+02    1.964853E+01   
 2.990000E+02    2.033084E+01   
 3.000000E+02    2.100696E+01   
 3.010000E+02    2.167668E+01   
 3.020000E+02    2.233980E+01   
 3.030000E+02    2.299611E+01   
 3.040000E+02    2.364542E+01   
 3.050000E+02    2.428752E+01   
 3.060000E+02    2.492223E+01   
 3.070000E+02    2.554934E+01   
 3.080000E+02    2.616867E+01   
 3.090000E+02    2.678003E+01   
 3.100000E+02    2.738324E+01   
 3.110000E+02    2.797810E+01   
 3.120000E+02    2.856444E+01   
 3.130000E+02    2.914208E+01   
 3.140000E+02    2.971084E+01   
 3.150000E+02    3.027055E+01   
 3.160000E+02    3.082104E+01   
 3.170000E+02    3.136214E+01   
 3.180000E+02    3.189369E+01   
 3.190000E+02    3.241553E+01   
 3.200000E+02    3.292749E+01   
 3.210000E+02    3.342942E+01   
 3.220000E+02    3.392116E+01   
 3.230000E+02    3.440258E+01   
 3.240000E+02    3.487351E+01   
 3.250000E+02    3.533382E+01   
 3.260000E+02    3.578337E+01   
 3.270000E+02    3.622202E+01   
 3.280000E+02    3.664964E+01   
 3.290000E+02    3.706609E+01   
 3.300000E+02    3.747125E+01   
 3.310000E+02    3.786500E+01   
 3.320000E+02    3.824721E+01   
 3.330000E+02    3.861777E+01   
 3.340000E+02    3.897657E+01   
 3.350000E+02    3.932350E+01   
 3.360000E+02    3.965845E+01   
 3.370000E+02    3.998132E+01   
 3.380000E+02    4.029200E+01   
 3.390000E+02    4.059042E+01   
 3.400000E+02    4.087647E+01   
 3.410000E+02    4.115007E+01   
 3.420000E+02    4.141114E+01   
 3.430000E+02    4.165959E+01   
 3.440000E+02    4.189535E+01   
 3.450000E+02    4.211835E+01   
 3.460000E+02    4.232852E+01   
 3.470000E+02    4.252580E+01   
 3.480000E+02    4.271012E+01   
 3.490000E+02    4.288143E+01   
 3.500000E+02    4.303968E+01   
 3.510000E+02    4.318482E+01   
 3.520000E+02    4.331681E+01   
 3.530000E+02    4.343560E+01   
 3.540000E+02    4.354116E+01   
 3.550000E+02    4.363345E+01   
 3.560000E+02    4.371246E+01   
 3.570000E+02    4.377815E+01   
 3.580000E+02    4.383051E+01   
 3.590000E+02    4.386951E+01   
 3.600000E+02    4.389515E+01   
