0.00 	212.40 	-212.40 
1.00 	212.37 	-212.37 
2.00 	212.28 	-212.28 
3.00 	212.12 	-212.12 
4.00 	211.90 	-211.90 
5.00 	211.62 	-211.62 
6.00 	211.27 	-211.27 
7.00 	210.86 	-210.86 
8.00 	210.38 	-210.38 
9.00 	209.84 	-209.84 
10.00 	209.23 	-209.23 
11.00 	208.56 	-208.56 
12.00 	207.83 	-207.83 
13.00 	207.03 	-207.03 
14.00 	206.17 	-206.17 
15.00 	205.25 	-205.25 
16.00 	204.27 	-204.27 
17.00 	203.22 	-203.22 
18.00 	202.11 	-202.11 
19.00 	200.94 	-200.94 
20.00 	199.71 	-199.71 
21.00 	198.42 	-198.42 
22.00 	197.06 	-197.06 
23.00 	195.65 	-195.65 
24.00 	194.18 	-194.18 
25.00 	192.64 	-192.64 
26.00 	191.05 	-191.05 
27.00 	189.41 	-189.41 
28.00 	187.70 	-187.70 
29.00 	185.94 	-185.94 
30.00 	184.12 	-184.12 
31.00 	182.24 	-182.24 
32.00 	180.31 	-180.31 
33.00 	178.32 	-178.32 
34.00 	176.28 	-176.28 
35.00 	174.19 	-174.19 
36.00 	172.04 	-172.04 
37.00 	169.84 	-169.84 
38.00 	167.59 	-167.59 
39.00 	165.28 	-165.28 
40.00 	162.93 	-162.93 
41.00 	160.53 	-160.53 
42.00 	158.07 	-158.07 
43.00 	155.57 	-155.57 
44.00 	153.03 	-153.03 
45.00 	150.43 	-150.43 
46.00 	147.79 	-147.79 
47.00 	145.11 	-145.11 
48.00 	142.38 	-142.38 
49.00 	139.61 	-139.61 
50.00 	136.79 	-136.79 
51.00 	133.94 	-133.94 
52.00 	131.04 	-131.04 
53.00 	128.10 	-128.10 
54.00 	125.13 	-125.13 
55.00 	122.11 	-122.11 
56.00 	119.06 	-119.06 
57.00 	115.97 	-115.97 
58.00 	112.85 	-112.85 
59.00 	109.69 	-109.69 
60.00 	106.50 	-106.50 
61.00 	103.28 	-103.28 
62.00 	100.02 	-100.02 
63.00 	96.74 	-96.74 
64.00 	93.42 	-93.42 
65.00 	90.08 	-90.08 
66.00 	86.71 	-86.71 
67.00 	83.31 	-83.31 
68.00 	79.89 	-79.89 
69.00 	76.44 	-76.44 
70.00 	72.97 	-72.97 
71.00 	69.48 	-69.48 
72.00 	65.97 	-65.97 
73.00 	62.43 	-62.43 
74.00 	58.88 	-58.88 
75.00 	55.31 	-55.31 
76.00 	51.72 	-51.72 
77.00 	48.12 	-48.12 
78.00 	44.50 	-44.50 
79.00 	40.87 	-40.87 
80.00 	37.22 	-37.22 
81.00 	33.57 	-33.57 
82.00 	29.90 	-29.90 
83.00 	26.23 	-26.23 
84.00 	22.55 	-22.55 
85.00 	18.86 	-18.86 
86.00 	15.16 	-15.16 
87.00 	11.46 	-11.46 
88.00 	7.76 	-7.76 
89.00 	4.05 	-4.05 
90.00 	0.35 	0.35 
91.00 	3.36 	3.36 
92.00 	7.07 	7.07 
93.00 	10.77 	10.77 
94.00 	14.47 	14.47 
95.00 	18.17 	18.17 
96.00 	21.86 	21.86 
97.00 	25.54 	25.54 
98.00 	29.22 	29.22 
99.00 	32.88 	32.88 
100.00 	36.54 	36.54 
101.00 	40.19 	40.19 
102.00 	43.82 	43.82 
103.00 	47.44 	47.44 
104.00 	51.05 	51.05 
105.00 	54.64 	54.64 
106.00 	58.21 	58.21 
107.00 	61.77 	61.77 
108.00 	65.30 	65.30 
109.00 	68.82 	68.82 
110.00 	72.32 	72.32 
111.00 	75.79 	75.79 
112.00 	79.24 	79.24 
113.00 	82.67 	82.67 
114.00 	86.07 	86.07 
115.00 	89.45 	89.45 
116.00 	92.80 	92.80 
117.00 	96.12 	96.12 
118.00 	99.41 	99.41 
119.00 	102.67 	102.67 
120.00 	105.90 	105.90 
121.00 	109.10 	109.10 
122.00 	112.26 	112.26 
123.00 	115.39 	115.39 
124.00 	118.48 	118.48 
125.00 	121.54 	121.54 
126.00 	124.56 	124.56 
127.00 	127.55 	127.55 
128.00 	130.49 	130.49 
129.00 	133.40 	133.40 
130.00 	136.26 	136.26 
131.00 	139.08 	139.08 
132.00 	141.86 	141.86 
133.00 	144.60 	144.60 
134.00 	147.29 	147.29 
135.00 	149.94 	149.94 
136.00 	152.54 	152.54 
137.00 	155.10 	155.10 
138.00 	157.61 	157.61 
139.00 	160.07 	160.07 
140.00 	162.48 	162.48 
141.00 	164.85 	164.85 
142.00 	167.16 	167.16 
143.00 	169.42 	169.42 
144.00 	171.63 	171.63 
145.00 	173.79 	173.79 
146.00 	175.89 	175.89 
147.00 	177.94 	177.94 
148.00 	179.94 	179.94 
149.00 	181.88 	181.88 
150.00 	183.77 	183.77 
151.00 	185.60 	185.60 
152.00 	187.37 	187.37 
153.00 	189.09 	189.09 
154.00 	190.75 	190.75 
155.00 	192.35 	192.35 
156.00 	193.89 	193.89 
157.00 	195.38 	195.38 
158.00 	196.80 	196.80 
159.00 	198.17 	198.17 
160.00 	199.47 	199.47 
161.00 	200.71 	200.71 
162.00 	201.89 	201.89 
163.00 	203.02 	203.02 
164.00 	204.07 	204.07 
165.00 	205.07 	205.07 
166.00 	206.00 	206.00 
167.00 	206.88 	206.88 
168.00 	207.68 	207.68 
169.00 	208.43 	208.43 
170.00 	209.11 	209.11 
171.00 	209.73 	209.73 
172.00 	210.28 	210.28 
173.00 	210.77 	210.77 
174.00 	211.20 	211.20 
175.00 	211.56 	211.56 
176.00 	211.86 	211.86 
177.00 	212.09 	212.09 
178.00 	212.26 	212.26 
179.00 	212.36 	212.36 
180.00 	212.40 	212.40 
181.00 	212.37 	212.37 
182.00 	212.28 	212.28 
183.00 	212.12 	212.12 
184.00 	211.90 	211.90 
185.00 	211.62 	211.62 
186.00 	211.27 	211.27 
187.00 	210.86 	210.86 
188.00 	210.38 	210.38 
189.00 	209.84 	209.84 
190.00 	209.23 	209.23 
191.00 	208.56 	208.56 
192.00 	207.83 	207.83 
193.00 	207.03 	207.03 
194.00 	206.17 	206.17 
195.00 	205.25 	205.25 
196.00 	204.27 	204.27 
197.00 	203.22 	203.22 
198.00 	202.11 	202.11 
199.00 	200.94 	200.94 
200.00 	199.71 	199.71 
201.00 	198.42 	198.42 
202.00 	197.06 	197.06 
203.00 	195.65 	195.65 
204.00 	194.18 	194.18 
205.00 	192.64 	192.64 
206.00 	191.05 	191.05 
207.00 	189.41 	189.41 
208.00 	187.70 	187.70 
209.00 	185.94 	185.94 
210.00 	184.12 	184.12 
211.00 	182.24 	182.24 
212.00 	180.31 	180.31 
213.00 	178.32 	178.32 
214.00 	176.28 	176.28 
215.00 	174.19 	174.19 
216.00 	172.04 	172.04 
217.00 	169.84 	169.84 
218.00 	167.59 	167.59 
219.00 	165.28 	165.28 
220.00 	162.93 	162.93 
221.00 	160.53 	160.53 
222.00 	158.07 	158.07 
223.00 	155.57 	155.57 
224.00 	153.03 	153.03 
225.00 	150.43 	150.43 
226.00 	147.79 	147.79 
227.00 	145.11 	145.11 
228.00 	142.38 	142.38 
229.00 	139.61 	139.61 
230.00 	136.79 	136.79 
231.00 	133.94 	133.94 
232.00 	131.04 	131.04 
233.00 	128.10 	128.10 
234.00 	125.13 	125.13 
235.00 	122.11 	122.11 
236.00 	119.06 	119.06 
237.00 	115.97 	115.97 
238.00 	112.85 	112.85 
239.00 	109.69 	109.69 
240.00 	106.50 	106.50 
241.00 	103.28 	103.28 
242.00 	100.02 	100.02 
243.00 	96.74 	96.74 
244.00 	93.42 	93.42 
245.00 	90.08 	90.08 
246.00 	86.71 	86.71 
247.00 	83.31 	83.31 
248.00 	79.89 	79.89 
249.00 	76.44 	76.44 
250.00 	72.97 	72.97 
251.00 	69.48 	69.48 
252.00 	65.97 	65.97 
253.00 	62.43 	62.43 
254.00 	58.88 	58.88 
255.00 	55.31 	55.31 
256.00 	51.72 	51.72 
257.00 	48.12 	48.12 
258.00 	44.50 	44.50 
259.00 	40.87 	40.87 
260.00 	37.22 	37.22 
261.00 	33.57 	33.57 
262.00 	29.90 	29.90 
263.00 	26.23 	26.23 
264.00 	22.55 	22.55 
265.00 	18.86 	18.86 
266.00 	15.16 	15.16 
267.00 	11.46 	11.46 
268.00 	7.76 	7.76 
269.00 	4.05 	4.05 
270.00 	0.35 	0.35 
271.00 	3.36 	-3.36 
272.00 	7.07 	-7.07 
273.00 	10.77 	-10.77 
274.00 	14.47 	-14.47 
275.00 	18.17 	-18.17 
276.00 	21.86 	-21.86 
277.00 	25.54 	-25.54 
278.00 	29.22 	-29.22 
279.00 	32.88 	-32.88 
280.00 	36.54 	-36.54 
281.00 	40.19 	-40.19 
282.00 	43.82 	-43.82 
283.00 	47.44 	-47.44 
284.00 	51.05 	-51.05 
285.00 	54.64 	-54.64 
286.00 	58.21 	-58.21 
287.00 	61.77 	-61.77 
288.00 	65.30 	-65.30 
289.00 	68.82 	-68.82 
290.00 	72.32 	-72.32 
291.00 	75.79 	-75.79 
292.00 	79.24 	-79.24 
293.00 	82.67 	-82.67 
294.00 	86.07 	-86.07 
295.00 	89.45 	-89.45 
296.00 	92.80 	-92.80 
297.00 	96.12 	-96.12 
298.00 	99.41 	-99.41 
299.00 	102.67 	-102.67 
300.00 	105.90 	-105.90 
301.00 	109.10 	-109.10 
302.00 	112.26 	-112.26 
303.00 	115.39 	-115.39 
304.00 	118.48 	-118.48 
305.00 	121.54 	-121.54 
306.00 	124.56 	-124.56 
307.00 	127.55 	-127.55 
308.00 	130.49 	-130.49 
309.00 	133.40 	-133.40 
310.00 	136.26 	-136.26 
311.00 	139.08 	-139.08 
312.00 	141.86 	-141.86 
313.00 	144.60 	-144.60 
314.00 	147.29 	-147.29 
315.00 	149.94 	-149.94 
316.00 	152.54 	-152.54 
317.00 	155.10 	-155.10 
318.00 	157.61 	-157.61 
319.00 	160.07 	-160.07 
320.00 	162.48 	-162.48 
321.00 	164.85 	-164.85 
322.00 	167.16 	-167.16 
323.00 	169.42 	-169.42 
324.00 	171.63 	-171.63 
325.00 	173.79 	-173.79 
326.00 	175.89 	-175.89 
327.00 	177.94 	-177.94 
328.00 	179.94 	-179.94 
329.00 	181.88 	-181.88 
330.00 	183.77 	-183.77 
331.00 	185.60 	-185.60 
332.00 	187.37 	-187.37 
333.00 	189.09 	-189.09 
334.00 	190.75 	-190.75 
335.00 	192.35 	-192.35 
336.00 	193.89 	-193.89 
337.00 	195.38 	-195.38 
338.00 	196.80 	-196.80 
339.00 	198.17 	-198.17 
340.00 	199.47 	-199.47 
341.00 	200.71 	-200.71 
342.00 	201.89 	-201.89 
343.00 	203.02 	-203.02 
344.00 	204.07 	-204.07 
345.00 	205.07 	-205.07 
346.00 	206.00 	-206.00 
347.00 	206.88 	-206.88 
348.00 	207.68 	-207.68 
349.00 	208.43 	-208.43 
350.00 	209.11 	-209.11 
351.00 	209.73 	-209.73 
352.00 	210.28 	-210.28 
353.00 	210.77 	-210.77 
354.00 	211.20 	-211.20 
355.00 	211.56 	-211.56 
356.00 	211.86 	-211.86 
357.00 	212.09 	-212.09 
358.00 	212.26 	-212.26 
359.00 	212.36 	-212.36 
360.00 	212.40 	-212.40 
